7.7544e-03 1.8750e+12 4.8773e+28 
8.8621e-03 2.1429e+12 5.6013e+28 
1.0339e-02 2.5000e+12 5.4871e+28 
1.2407e-02 3.0000e+12 4.7629e+28 
1.5509e-02 3.7500e+12 3.6580e+28 
2.0678e-02 5.0000e+12 2.4005e+28 
3.1018e-02 7.5000e+12 1.2194e+28 
6.2035e-02 1.5000e+13 3.4327e+27 
1.2382e-01 2.9940e+13 9.2259e+26 
1.2432e-01 3.0060e+13 9.1568e+26 
1.2482e-01 3.0181e+13 9.0880e+26 
1.2532e-01 3.0303e+13 9.0190e+26 
1.2583e-01 3.0426e+13 8.9503e+26 
1.2634e-01 3.0550e+13 8.8821e+26 
1.2686e-01 3.0675e+13 8.8141e+26 
1.2738e-01 3.0801e+13 8.7467e+26 
1.2791e-01 3.0928e+13 8.6795e+26 
1.2844e-01 3.1056e+13 8.6119e+26 
1.2897e-01 3.1185e+13 8.5448e+26 
1.2951e-01 3.1315e+13 8.4780e+26 
1.3005e-01 3.1447e+13 8.4117e+26 
1.3060e-01 3.1579e+13 8.3456e+26 
1.3115e-01 3.1712e+13 8.2797e+26 
1.3171e-01 3.1847e+13 8.2138e+26 
1.3227e-01 3.1983e+13 8.1487e+26 
1.3284e-01 3.2120e+13 8.0835e+26 
1.3341e-01 3.2258e+13 8.0185e+26 
1.3398e-01 3.2397e+13 7.9540e+26 
1.3457e-01 3.2538e+13 7.8898e+26 
1.3515e-01 3.2680e+13 7.8257e+26 
1.3574e-01 3.2823e+13 7.7617e+26 
1.3634e-01 3.2967e+13 7.6983e+26 
1.3694e-01 3.3113e+13 7.6350e+26 
1.3755e-01 3.3259e+13 7.5721e+26 
1.3816e-01 3.3408e+13 7.5092e+26 
1.3878e-01 3.3557e+13 7.4467e+26 
1.3940e-01 3.3708e+13 7.3845e+26 
1.4003e-01 3.3860e+13 7.3225e+26 
1.4067e-01 3.4014e+13 7.2610e+26 
1.4131e-01 3.4169e+13 7.1997e+26 
1.4196e-01 3.4325e+13 7.1386e+26 
1.4261e-01 3.4483e+13 7.0775e+26 
1.4327e-01 3.4642e+13 7.0171e+26 
1.4393e-01 3.4803e+13 6.9569e+26 
1.4460e-01 3.4965e+13 6.8967e+26 
1.4528e-01 3.5129e+13 6.8372e+26 
1.4596e-01 3.5294e+13 6.7776e+26 
1.4665e-01 3.5461e+13 6.7185e+26 
1.4735e-01 3.5629e+13 6.6594e+26 
1.4805e-01 3.5800e+13 6.6008e+26 
1.4877e-01 3.5971e+13 6.5425e+26 
1.4948e-01 3.6145e+13 6.4845e+26 
1.5021e-01 3.6320e+13 6.4265e+26 
1.5094e-01 3.6496e+13 6.3691e+26 
1.5167e-01 3.6675e+13 6.3118e+26 
1.5242e-01 3.6855e+13 6.2548e+26 
1.5317e-01 3.7037e+13 6.1981e+26 
1.5393e-01 3.7221e+13 6.1417e+26 
1.5470e-01 3.7406e+13 6.0854e+26 
1.5548e-01 3.7594e+13 6.0297e+26 
1.5626e-01 3.7783e+13 5.9742e+26 
1.5705e-01 3.7975e+13 5.9187e+26 
1.5785e-01 3.8168e+13 5.8639e+26 
1.5866e-01 3.8363e+13 5.8092e+26 
1.5947e-01 3.8560e+13 5.7547e+26 
1.6030e-01 3.8760e+13 5.7008e+26 
1.6113e-01 3.8961e+13 5.6467e+26 
1.6197e-01 3.9164e+13 5.5931e+26 
1.6282e-01 3.9370e+13 5.5398e+26 
1.6368e-01 3.9578e+13 5.4869e+26 
1.6455e-01 3.9788e+13 5.4344e+26 
1.6543e-01 4.0000e+13 5.3804e+26 
1.6631e-01 4.0214e+13 5.3288e+26 
1.6721e-01 4.0431e+13 5.2778e+26 
1.6812e-01 4.0650e+13 5.2262e+26 
1.6903e-01 4.0872e+13 5.1750e+26 
1.6996e-01 4.1096e+13 5.1242e+26 
1.7090e-01 4.1322e+13 5.0735e+26 
1.7184e-01 4.1551e+13 5.0232e+26 
1.7280e-01 4.1783e+13 4.9731e+26 
1.7377e-01 4.2017e+13 4.9235e+26 
1.7475e-01 4.2254e+13 4.8740e+26 
1.7574e-01 4.2493e+13 4.8249e+26 
1.7674e-01 4.2735e+13 4.7763e+26 
1.7775e-01 4.2980e+13 4.7279e+26 
1.7878e-01 4.3228e+13 4.6797e+26 
1.7981e-01 4.3478e+13 4.6312e+26 
1.8086e-01 4.3732e+13 4.5836e+26 
1.8192e-01 4.3988e+13 4.5364e+26 
1.8299e-01 4.4248e+13 4.4895e+26 
1.8408e-01 4.4510e+13 4.4426e+26 
1.8518e-01 4.4776e+13 4.3961e+26 
1.8629e-01 4.5045e+13 4.3500e+26 
1.8742e-01 4.5317e+13 4.3041e+26 
1.8856e-01 4.5593e+13 4.2587e+26 
1.8971e-01 4.5872e+13 4.2136e+26 
1.9088e-01 4.6154e+13 4.1687e+26 
1.9206e-01 4.6440e+13 4.1243e+26 
1.9326e-01 4.6729e+13 4.0800e+26 
1.9416e-01 4.6948e+13 4.0469e+26 
1.9477e-01 4.7096e+13 4.0252e+26 
1.9539e-01 4.7244e+13 4.0033e+26 
1.9600e-01 4.7393e+13 3.9817e+26 
1.9662e-01 4.7544e+13 3.9599e+26 
1.9725e-01 4.7695e+13 3.9385e+26 
1.9788e-01 4.7847e+13 3.9168e+26 
1.9851e-01 4.8000e+13 3.8955e+26 
1.9915e-01 4.8154e+13 3.8742e+26 
1.9979e-01 4.8309e+13 3.8530e+26 
2.0044e-01 4.8465e+13 3.8319e+26 
2.0109e-01 4.8622e+13 3.8109e+26 
2.0174e-01 4.8780e+13 3.7897e+26 
2.0240e-01 4.8940e+13 3.7689e+26 
2.0306e-01 4.9100e+13 3.7479e+26 
2.0373e-01 4.9261e+13 3.7274e+26 
2.0440e-01 4.9423e+13 3.7068e+26 
2.0507e-01 4.9587e+13 3.6862e+26 
2.0575e-01 4.9751e+13 3.6659e+26 
2.0644e-01 4.9917e+13 3.6454e+26 
2.0713e-01 5.0083e+13 3.6251e+26 
2.0782e-01 5.0251e+13 3.6049e+26 
2.0852e-01 5.0420e+13 3.5845e+26 
2.0922e-01 5.0590e+13 3.5645e+26 
2.0993e-01 5.0761e+13 3.5400e+26 
2.1065e-01 5.0934e+13 3.5244e+26 
2.1136e-01 5.1107e+13 3.5047e+26 
2.1209e-01 5.1282e+13 3.4851e+26 
2.1281e-01 5.1458e+13 3.4651e+26 
2.1355e-01 5.1635e+13 3.4456e+26 
2.1428e-01 5.1813e+13 3.4263e+26 
2.1503e-01 5.1993e+13 3.4066e+26 
2.1577e-01 5.2174e+13 3.3874e+26 
2.1653e-01 5.2356e+13 3.3681e+26 
2.1729e-01 5.2539e+13 3.3490e+26 
2.1805e-01 5.2724e+13 3.3296e+26 
2.1882e-01 5.2910e+13 3.3109e+26 
2.1959e-01 5.3097e+13 3.2922e+26 
2.2037e-01 5.3286e+13 3.2729e+26 
2.2116e-01 5.3476e+13 3.2547e+26 
2.2195e-01 5.3667e+13 3.2359e+26 
2.2275e-01 5.3860e+13 3.2178e+26 
2.2355e-01 5.4054e+13 3.1987e+26 
2.2436e-01 5.4250e+13 3.1811e+26 
2.2517e-01 5.4446e+13 3.1618e+26 
2.2599e-01 5.4645e+13 3.1436e+26 
2.2682e-01 5.4845e+13 3.1254e+26 
2.2765e-01 5.5046e+13 3.1077e+26 
2.2849e-01 5.5249e+13 3.0893e+26 
2.2933e-01 5.5453e+13 3.0719e+26 
2.3019e-01 5.5659e+13 3.0542e+26 
2.3104e-01 5.5866e+13 3.0364e+26 
2.3191e-01 5.6075e+13 3.0190e+26 
2.3278e-01 5.6285e+13 3.0015e+26 
2.3365e-01 5.6497e+13 2.9839e+26 
2.3454e-01 5.6711e+13 2.9667e+26 
2.3543e-01 5.6926e+13 2.9504e+26 
2.3632e-01 5.7143e+13 2.9329e+26 
2.3723e-01 5.7361e+13 2.9156e+26 
2.3814e-01 5.7582e+13 2.8986e+26 
2.3906e-01 5.7803e+13 2.8820e+26 
2.3998e-01 5.8027e+13 2.8660e+26 
2.4091e-01 5.8252e+13 2.8486e+26 
2.4185e-01 5.8480e+13 2.8266e+26 
2.4280e-01 5.8708e+13 2.8156e+26 
2.4375e-01 5.8939e+13 2.8000e+26 
2.4471e-01 5.9172e+13 2.7836e+26 
2.4568e-01 5.9406e+13 2.7673e+26 
2.4666e-01 5.9642e+13 2.7520e+26 
2.4764e-01 5.9880e+13 2.7362e+26 
2.4864e-01 6.0120e+13 2.7201e+26 
2.4964e-01 6.0362e+13 2.7050e+26 
2.5065e-01 6.0606e+13 2.6898e+26 
2.5166e-01 6.0852e+13 2.6748e+26 
2.5269e-01 6.1100e+13 2.6598e+26 
2.5372e-01 6.1350e+13 2.6454e+26 
2.5476e-01 6.1602e+13 2.6303e+26 
2.5581e-01 6.1856e+13 2.6160e+26 
2.5687e-01 6.2112e+13 2.6020e+26 
2.5794e-01 6.2370e+13 2.5866e+26 
2.5902e-01 6.2630e+13 2.5731e+26 
2.6010e-01 6.2893e+13 2.5592e+26 
2.6120e-01 6.3158e+13 2.5448e+26 
2.6230e-01 6.3425e+13 2.5308e+26 
2.6342e-01 6.3694e+13 2.5157e+26 
2.6454e-01 6.3966e+13 2.5019e+26 
2.6567e-01 6.4240e+13 2.4819e+26 
2.6682e-01 6.4516e+13 2.4680e+26 
2.6797e-01 6.4795e+13 2.4614e+26 
2.6913e-01 6.5076e+13 2.4488e+26 
2.7031e-01 6.5359e+13 2.4337e+26 
2.7149e-01 6.5646e+13 2.4230e+26 
2.7268e-01 6.5934e+13 2.4099e+26 
2.7389e-01 6.6225e+13 2.3958e+26 
2.7510e-01 6.6519e+13 2.3852e+26 
2.7633e-01 6.6815e+13 2.3734e+26 
2.7756e-01 6.7114e+13 2.3588e+26 
2.7881e-01 6.7416e+13 2.5039e+26 
2.8007e-01 6.7720e+13 2.5114e+26 
2.8134e-01 6.8027e+13 2.5166e+26 
2.8262e-01 6.8337e+13 2.5254e+26 
2.8391e-01 6.8650e+13 2.5257e+26 
2.8522e-01 6.8966e+13 2.5385e+26 
2.8654e-01 6.9284e+13 2.5477e+26 
2.8787e-01 6.9606e+13 2.5517e+26 
2.8921e-01 6.9930e+13 2.5589e+26 
2.9056e-01 7.0258e+13 2.5665e+26 
2.9193e-01 7.0588e+13 2.5713e+26 
2.9331e-01 7.0922e+13 2.5763e+26 
2.9470e-01 7.1259e+13 2.5803e+26 
2.9611e-01 7.1599e+13 2.5846e+26 
2.9753e-01 7.1942e+13 2.5812e+26 
2.9896e-01 7.2289e+13 2.5927e+26 
3.0041e-01 7.2639e+13 2.5969e+26 
3.0187e-01 7.2993e+13 2.6007e+26 
3.0335e-01 7.3350e+13 2.6040e+26 
3.0484e-01 7.3710e+13 2.6073e+26 
3.0635e-01 7.4074e+13 2.6025e+26 
3.0787e-01 7.4442e+13 2.6075e+26 
3.0940e-01 7.4813e+13 2.6128e+26 
3.1095e-01 7.5188e+13 2.6177e+26 
3.1252e-01 7.5567e+13 2.6209e+26 
3.1410e-01 7.5949e+13 2.6229e+26 
3.1570e-01 7.6336e+13 2.6252e+26 
3.1731e-01 7.6726e+13 2.6193e+26 
3.1895e-01 7.7121e+13 2.6286e+26 
3.2059e-01 7.7519e+13 2.6306e+26 
3.2226e-01 7.7922e+13 2.6323e+26 
3.2394e-01 7.8329e+13 2.6308e+26 
3.2564e-01 7.8740e+13 2.6298e+26 
3.2736e-01 7.9156e+13 2.6361e+26 
3.2910e-01 7.9576e+13 2.6370e+26 
3.3085e-01 8.0000e+13 2.6230e+26 
3.3263e-01 8.0429e+13 2.6349e+26 
3.3442e-01 8.0863e+13 2.6396e+26 
3.3623e-01 8.1301e+13 2.6333e+26 
3.3807e-01 8.1744e+13 2.6417e+26 
3.3992e-01 8.2192e+13 2.6359e+26 
3.4179e-01 8.2645e+13 2.6433e+26 
3.4368e-01 8.3102e+13 2.6380e+26 
3.4560e-01 8.3565e+13 2.6439e+26 
3.4754e-01 8.4034e+13 2.6391e+26 
3.4949e-01 8.4507e+13 2.6400e+26 
3.5147e-01 8.4986e+13 2.6411e+26 
3.5348e-01 8.5470e+13 2.6414e+26 
3.5550e-01 8.5960e+13 2.6408e+26 
3.5755e-01 8.6455e+13 2.6414e+26 
3.5962e-01 8.6957e+13 2.6411e+26 
3.6172e-01 8.7464e+13 2.6412e+26 
3.6384e-01 8.7977e+13 2.6405e+26 
3.6599e-01 8.8496e+13 2.6406e+26 
3.6816e-01 8.9021e+13 2.6405e+26 
3.7036e-01 8.9552e+13 2.6409e+26 
3.7258e-01 9.0090e+13 2.6405e+26 
3.7483e-01 9.0634e+13 2.6392e+26 
3.7711e-01 9.1185e+13 2.6275e+26 
3.7942e-01 9.1743e+13 2.8648e+26 
3.8175e-01 9.2308e+13 2.8771e+26 
3.8412e-01 9.2879e+13 2.8889e+26 
3.8651e-01 9.3458e+13 2.9003e+26 
3.8833e-01 9.3897e+13 2.9090e+26 
3.8954e-01 9.4192e+13 2.9145e+26 
3.9077e-01 9.4488e+13 2.9198e+26 
3.9201e-01 9.4787e+13 2.9254e+26 
3.9325e-01 9.5087e+13 2.9304e+26 
3.9450e-01 9.5390e+13 2.9359e+26 
3.9576e-01 9.5694e+13 2.9414e+26 
3.9702e-01 9.6000e+13 2.9465e+26 
3.9830e-01 9.6308e+13 2.9509e+26 
3.9958e-01 9.6618e+13 2.9575e+26 
4.0087e-01 9.6931e+13 2.9626e+26 
4.0217e-01 9.7245e+13 2.9673e+26 
4.0348e-01 9.7561e+13 2.9720e+26 
4.0480e-01 9.7879e+13 2.9761e+26 
4.0612e-01 9.8200e+13 2.9808e+26 
4.0745e-01 9.8522e+13 2.9769e+26 
4.0880e-01 9.8847e+13 2.9673e+26 
4.1015e-01 9.9174e+13 2.9945e+26 
4.1151e-01 9.9502e+13 2.9996e+26 
4.1288e-01 9.9834e+13 3.0041e+26 
4.1426e-01 1.0017e+14 3.0083e+26 
4.1564e-01 1.0050e+14 3.0129e+26 
4.1704e-01 1.0084e+14 3.0172e+26 
4.1845e-01 1.0118e+14 3.0212e+26 
4.1986e-01 1.0152e+14 3.0252e+26 
4.2129e-01 1.0187e+14 3.0290e+26 
4.2273e-01 1.0221e+14 3.0336e+26 
4.2417e-01 1.0256e+14 3.0369e+26 
4.2563e-01 1.0292e+14 3.0410e+26 
4.2709e-01 1.0327e+14 3.0453e+26 
4.2857e-01 1.0363e+14 3.0489e+26 
4.3005e-01 1.0399e+14 3.0521e+26 
4.3155e-01 1.0435e+14 3.0258e+26 
4.3305e-01 1.0471e+14 3.0571e+26 
4.3457e-01 1.0508e+14 3.0645e+26 
4.3610e-01 1.0545e+14 3.0678e+26 
4.3764e-01 1.0582e+14 3.0725e+26 
4.3919e-01 1.0619e+14 3.0754e+26 
4.4075e-01 1.0657e+14 3.0786e+26 
4.4232e-01 1.0695e+14 3.0820e+26 
4.4390e-01 1.0733e+14 3.0856e+26 
4.4549e-01 1.0772e+14 3.0884e+26 
4.4710e-01 1.0811e+14 3.0910e+26 
4.4872e-01 1.0850e+14 3.0881e+26 
4.5034e-01 1.0889e+14 3.0687e+26 
4.5199e-01 1.0929e+14 3.1013e+26 
4.5364e-01 1.0969e+14 3.1041e+26 
4.5530e-01 1.1009e+14 3.1085e+26 
4.5698e-01 1.1050e+14 3.1110e+26 
4.5867e-01 1.1091e+14 3.1137e+26 
4.6037e-01 1.1132e+14 3.1163e+26 
4.6209e-01 1.1173e+14 3.1184e+26 
4.6381e-01 1.1215e+14 3.0895e+26 
4.6555e-01 1.1257e+14 3.1210e+26 
4.6731e-01 1.1299e+14 3.1274e+26 
4.6907e-01 1.1342e+14 3.1323e+26 
4.7085e-01 1.1385e+14 3.1327e+26 
4.7265e-01 1.1429e+14 3.0943e+26 
4.7446e-01 1.1472e+14 3.1064e+26 
4.7628e-01 1.1516e+14 3.1408e+26 
4.7811e-01 1.1561e+14 3.1471e+26 
4.7996e-01 1.1605e+14 3.1462e+26 
4.8183e-01 1.1650e+14 3.1537e+26 
4.8370e-01 1.1696e+14 3.1222e+26 
4.8560e-01 1.1742e+14 3.1571e+26 
4.8750e-01 1.1788e+14 3.1631e+26 
4.8943e-01 1.1834e+14 3.1664e+26 
4.9137e-01 1.1881e+14 3.1370e+26 
4.9332e-01 1.1928e+14 3.1680e+26 
4.9529e-01 1.1976e+14 3.1809e+26 
4.9727e-01 1.2024e+14 3.1471e+26 
4.9928e-01 1.2072e+14 3.1766e+26 
5.0129e-01 1.2121e+14 3.1692e+26 
5.0333e-01 1.2170e+14 3.1758e+26 
5.0538e-01 1.2220e+14 3.1826e+26 
5.0744e-01 1.2270e+14 3.1706e+26 
5.0953e-01 1.2320e+14 3.1807e+26 
5.1163e-01 1.2371e+14 3.1977e+26 
5.1375e-01 1.2422e+14 3.1771e+26 
5.1588e-01 1.2474e+14 3.1923e+26 
5.1804e-01 1.2526e+14 3.1957e+26 
5.2021e-01 1.2579e+14 3.1909e+26 
5.2240e-01 1.2632e+14 3.2079e+26 
5.2461e-01 1.2685e+14 3.2076e+26 
5.2684e-01 1.2739e+14 3.2032e+26 
5.2908e-01 1.2793e+14 3.2216e+26 
5.3135e-01 1.2848e+14 3.2260e+26 
5.3363e-01 1.2903e+14 3.2223e+26 
5.3594e-01 1.2959e+14 3.2433e+26 
5.3826e-01 1.3015e+14 3.2482e+26 
5.4061e-01 1.3072e+14 3.2432e+26 
5.4298e-01 1.3129e+14 3.2640e+26 
5.4536e-01 1.3187e+14 3.6430e+26 
5.4777e-01 1.3245e+14 3.6570e+26 
5.5020e-01 1.3304e+14 3.6703e+26 
5.5265e-01 1.3363e+14 3.6872e+26 
5.5512e-01 1.3423e+14 3.7012e+26 
5.5762e-01 1.3483e+14 3.7156e+26 
5.6014e-01 1.3544e+14 3.7289e+26 
5.6268e-01 1.3605e+14 3.7430e+26 
5.6524e-01 1.3667e+14 3.7594e+26 
5.6783e-01 1.3730e+14 3.7713e+26 
5.7044e-01 1.3793e+14 3.7823e+26 
5.7307e-01 1.3857e+14 3.7444e+26 
5.7573e-01 1.3921e+14 3.8132e+26 
5.7841e-01 1.3986e+14 3.8280e+26 
5.8112e-01 1.4052e+14 3.8401e+26 
5.8386e-01 1.4118e+14 3.8531e+26 
5.8662e-01 1.4184e+14 3.8663e+26 
5.8941e-01 1.4252e+14 3.8827e+26 
5.9222e-01 1.4320e+14 3.8947e+26 
5.9506e-01 1.4388e+14 3.9101e+26 
5.9793e-01 1.4458e+14 3.9226e+26 
6.0082e-01 1.4528e+14 3.9347e+26 
6.0375e-01 1.4599e+14 3.9488e+26 
6.0670e-01 1.4670e+14 3.9637e+26 
6.0968e-01 1.4742e+14 3.9734e+26 
6.1269e-01 1.4815e+14 3.9883e+26 
6.1573e-01 1.4888e+14 4.0044e+26 
6.1880e-01 1.4963e+14 4.0165e+26 
6.2190e-01 1.5038e+14 4.0275e+26 
6.2504e-01 1.5113e+14 4.0403e+26 
6.2820e-01 1.5190e+14 4.0512e+26 
6.3140e-01 1.5267e+14 4.0664e+26 
6.3463e-01 1.5345e+14 4.0773e+26 
6.3789e-01 1.5424e+14 4.0230e+26 
6.4119e-01 1.5504e+14 4.1041e+26 
6.4452e-01 1.5584e+14 4.1214e+26 
6.4789e-01 1.5666e+14 4.1344e+26 
6.5129e-01 1.5748e+14 4.1477e+26 
6.5472e-01 1.5831e+14 4.1514e+26 
6.5820e-01 1.5915e+14 4.1712e+26 
6.6171e-01 1.6000e+14 4.1108e+26 
6.6525e-01 1.6086e+14 4.1994e+26 
6.6884e-01 1.6173e+14 4.2150e+26 
6.7247e-01 1.6260e+14 4.2285e+26 
6.7613e-01 1.6349e+14 4.2442e+26 
6.7984e-01 1.6438e+14 4.2476e+26 
6.8358e-01 1.6529e+14 4.2010e+26 
6.8737e-01 1.6620e+14 4.2845e+26 
6.9120e-01 1.6713e+14 4.3044e+26 
6.9507e-01 1.6807e+14 4.3159e+26 
6.9899e-01 1.6901e+14 4.3305e+26 
7.0295e-01 1.6997e+14 4.3442e+26 
7.0695e-01 1.7094e+14 4.3613e+26 
7.1100e-01 1.7192e+14 4.3704e+26 
7.1510e-01 1.7291e+14 4.3070e+26 
7.1925e-01 1.7391e+14 4.4070e+26 
7.2344e-01 1.7493e+14 4.4306e+26 
7.2768e-01 1.7595e+14 4.4406e+26 
7.3198e-01 1.7699e+14 4.4658e+26 
7.3632e-01 1.7804e+14 4.4010e+26 
7.4072e-01 1.7910e+14 4.4805e+26 
7.4517e-01 1.8018e+14 4.5135e+26 
7.4967e-01 1.8127e+14 4.5332e+26 
7.5422e-01 1.8237e+14 4.4668e+26 
7.5884e-01 1.8349e+14 4.5502e+26 
7.6351e-01 1.8462e+14 4.5831e+26 
7.6824e-01 1.8576e+14 4.5189e+26 
7.7302e-01 1.8692e+14 4.5987e+26 
7.7665e-01 1.8779e+14 4.6250e+26 
7.7909e-01 1.8838e+14 4.6127e+26 
7.8154e-01 1.8898e+14 4.4772e+26 
7.8401e-01 1.8957e+14 4.6397e+26 
7.8650e-01 1.9017e+14 4.6418e+26 
7.8900e-01 1.9078e+14 4.5439e+26 
7.9152e-01 1.9139e+14 4.6222e+26 
7.9405e-01 1.9200e+14 4.6778e+26 
7.9660e-01 1.9262e+14 4.5498e+26 
7.9916e-01 1.9324e+14 4.6684e+26 
8.0174e-01 1.9386e+14 4.6672e+26 
8.0434e-01 1.9449e+14 4.5893e+26 
8.0696e-01 1.9512e+14 4.6719e+26 
8.0959e-01 1.9576e+14 4.6215e+26 
8.1224e-01 1.9640e+14 4.6098e+26 
8.1491e-01 1.9704e+14 4.6827e+26 
8.1759e-01 1.9769e+14 4.6447e+26 
8.2030e-01 1.9835e+14 4.6391e+26 
8.2302e-01 1.9900e+14 4.6346e+26 
8.2576e-01 1.9967e+14 4.6261e+26 
8.2851e-01 2.0033e+14 4.6652e+26 
8.3129e-01 2.0101e+14 4.6668e+26 
8.3408e-01 2.0168e+14 4.6695e+26 
8.3690e-01 2.0236e+14 4.6942e+26 
8.3973e-01 2.0305e+14 4.7085e+26 
8.4258e-01 2.0374e+14 4.7251e+26 
8.4545e-01 2.0443e+14 4.7429e+26 
8.4863e-01 2.0520e+14 4.7478e+26 
8.5154e-01 2.0590e+14 5.4711e+26 
8.5418e-01 2.0654e+14 5.4738e+26 
8.5713e-01 2.0725e+14 5.5038e+26 
8.6010e-01 2.0797e+14 5.4952e+26 
8.6310e-01 2.0870e+14 5.5381e+26 
8.6611e-01 2.0942e+14 5.5503e+26 
8.6914e-01 2.1016e+14 5.5601e+26 
8.7220e-01 2.1090e+14 5.5777e+26 
8.7527e-01 2.1164e+14 5.5993e+26 
8.7837e-01 2.1239e+14 5.6116e+26 
8.8149e-01 2.1314e+14 5.6318e+26 
8.8463e-01 2.1390e+14 5.6434e+26 
8.8780e-01 2.1467e+14 5.6620e+26 
8.9099e-01 2.1544e+14 5.6743e+26 
8.9420e-01 2.1622e+14 5.6904e+26 
8.9743e-01 2.1700e+14 5.7027e+26 
9.0069e-01 2.1779e+14 5.7169e+26 
9.0397e-01 2.1858e+14 5.7233e+26 
9.0728e-01 2.1938e+14 5.7478e+26 
9.1061e-01 2.2018e+14 5.7627e+26 
9.1396e-01 2.2099e+14 5.7750e+26 
9.1734e-01 2.2181e+14 5.7942e+26 
9.2074e-01 2.2263e+14 5.8113e+26 
9.2417e-01 2.2346e+14 5.8266e+26 
9.2763e-01 2.2430e+14 5.8394e+26 
9.3111e-01 2.2514e+14 5.8550e+26 
9.3461e-01 2.2599e+14 5.8666e+26 
9.3815e-01 2.2684e+14 5.8857e+26 
9.4171e-01 2.2770e+14 5.8936e+26 
9.4530e-01 2.2857e+14 5.9130e+26 
9.4891e-01 2.2945e+14 5.9315e+26 
9.5255e-01 2.3033e+14 5.9449e+26 
9.5622e-01 2.3121e+14 5.9576e+26 
9.5992e-01 2.3211e+14 5.9727e+26 
9.6365e-01 2.3301e+14 5.9803e+26 
9.6741e-01 2.3392e+14 5.7893e+26 
9.7119e-01 2.3483e+14 6.0017e+26 
9.7501e-01 2.3576e+14 6.0365e+26 
9.7886e-01 2.3669e+14 6.0503e+26 
9.8273e-01 2.3762e+14 6.0619e+26 
9.8664e-01 2.3857e+14 6.0752e+26 
9.9058e-01 2.3952e+14 6.0957e+26 
9.9455e-01 2.4048e+14 6.1138e+26 
9.9855e-01 2.4145e+14 6.1315e+26 
1.0026e+00 2.4242e+14 6.1440e+26 
1.0067e+00 2.4341e+14 6.1591e+26 
1.0108e+00 2.4440e+14 6.1738e+26 
1.0149e+00 2.4540e+14 6.1928e+26 
1.0191e+00 2.4641e+14 6.2100e+26 
1.0233e+00 2.4742e+14 6.2212e+26 
1.0275e+00 2.4845e+14 6.2338e+26 
1.0318e+00 2.4948e+14 6.2553e+26 
1.0361e+00 2.5052e+14 6.2530e+26 
1.0404e+00 2.5157e+14 6.2965e+26 
1.0448e+00 2.5263e+14 6.2850e+26 
1.0492e+00 2.5370e+14 6.3116e+26 
1.0537e+00 2.5478e+14 6.3156e+26 
1.0582e+00 2.5586e+14 6.3629e+26 
1.0627e+00 2.5696e+14 6.3563e+26 
1.0673e+00 2.5806e+14 6.3766e+26 
1.0719e+00 2.5918e+14 6.4116e+26 
1.0765e+00 2.6030e+14 6.4318e+26 
1.0812e+00 2.6144e+14 6.4488e+26 
1.0860e+00 2.6258e+14 6.4503e+26 
1.0907e+00 2.6374e+14 6.4753e+26 
1.0955e+00 2.6490e+14 6.4787e+26 
1.1004e+00 2.6608e+14 6.4967e+26 
1.1053e+00 2.6726e+14 6.5380e+26 
1.1102e+00 2.6846e+14 6.5508e+26 
1.1152e+00 2.6966e+14 6.5689e+26 
1.1203e+00 2.7088e+14 6.5914e+26 
1.1254e+00 2.7211e+14 6.6030e+26 
1.1305e+00 2.7335e+14 6.5684e+26 
1.1357e+00 2.7460e+14 6.3864e+26 
1.1409e+00 2.7586e+14 6.6482e+26 
1.1461e+00 2.7714e+14 6.6616e+26 
1.1515e+00 2.7842e+14 6.6905e+26 
1.1568e+00 2.7972e+14 6.7063e+26 
1.1622e+00 2.8103e+14 6.7043e+26 
1.1677e+00 2.8235e+14 6.7552e+26 
1.1732e+00 2.8369e+14 6.7791e+26 
1.1788e+00 2.8504e+14 6.7974e+26 
1.1844e+00 2.8640e+14 6.8107e+26 
1.1901e+00 2.8777e+14 6.8462e+26 
1.1959e+00 2.8916e+14 6.8651e+26 
1.2016e+00 2.9056e+14 6.8769e+26 
1.2075e+00 2.9197e+14 6.9156e+26 
1.2134e+00 2.9340e+14 6.9348e+26 
1.2194e+00 2.9484e+14 6.9548e+26 
1.2254e+00 2.9630e+14 6.9608e+26 
1.2315e+00 2.9777e+14 6.7892e+26 
1.2376e+00 2.9925e+14 6.9028e+26 
1.2419e+00 3.0030e+14 7.0425e+26 
1.2444e+00 3.0090e+14 7.0544e+26 
1.2469e+00 3.0151e+14 7.0632e+26 
1.2494e+00 3.0211e+14 7.0690e+26 
1.2520e+00 3.0272e+14 7.0801e+26 
1.2545e+00 3.0334e+14 7.0829e+26 
1.2570e+00 3.0395e+14 7.1007e+26 
1.2596e+00 3.0457e+14 7.1095e+26 
1.2622e+00 3.0519e+14 7.1248e+26 
1.2647e+00 3.0581e+14 7.1343e+26 
1.2673e+00 3.0644e+14 7.1433e+26 
1.2699e+00 3.0706e+14 7.1547e+26 
1.2725e+00 3.0769e+14 7.1602e+26 
1.2751e+00 3.0832e+14 7.1756e+26 
1.2778e+00 3.0896e+14 7.1829e+26 
1.2804e+00 3.0960e+14 7.1930e+26 
1.2830e+00 3.1024e+14 7.1889e+26 
1.2857e+00 3.1088e+14 7.2127e+26 
1.2884e+00 3.1153e+14 7.2007e+26 
1.2911e+00 3.1217e+14 7.2233e+26 
1.2937e+00 3.1283e+14 7.2359e+26 
1.2964e+00 3.1348e+14 7.1741e+26 
1.2992e+00 3.1414e+14 6.6188e+26 
1.3019e+00 3.1480e+14 7.1540e+26 
1.3046e+00 3.1546e+14 7.2655e+26 
1.3074e+00 3.1612e+14 7.3042e+26 
1.3101e+00 3.1679e+14 7.3101e+26 
1.3129e+00 3.1746e+14 7.3229e+26 
1.3157e+00 3.1813e+14 7.3343e+26 
1.3185e+00 3.1881e+14 7.3103e+26 
1.3213e+00 3.1949e+14 7.3587e+26 
1.3241e+00 3.2017e+14 7.3703e+26 
1.3270e+00 3.2086e+14 7.3788e+26 
1.3298e+00 3.2154e+14 7.3920e+26 
1.3327e+00 3.2223e+14 7.4000e+26 
1.3355e+00 3.2293e+14 7.4099e+26 
1.3384e+00 3.2362e+14 7.3668e+26 
1.3413e+00 3.2432e+14 7.2998e+26 
1.3442e+00 3.2503e+14 6.7448e+26 
1.3471e+00 3.2573e+14 7.3539e+26 
1.3501e+00 3.2644e+14 7.4525e+26 
1.3530e+00 3.2715e+14 7.4746e+26 
1.3560e+00 3.2787e+14 7.4943e+26 
1.3589e+00 3.2859e+14 7.5018e+26 
1.3619e+00 3.2931e+14 7.4982e+26 
1.3649e+00 3.3003e+14 7.4672e+26 
1.3679e+00 3.3076e+14 7.4910e+26 
1.3709e+00 3.3149e+14 7.5272e+26 
1.3740e+00 3.3223e+14 7.3099e+26 
1.3770e+00 3.3296e+14 6.9900e+26 
1.3801e+00 3.3370e+14 7.5362e+26 
1.3832e+00 3.3445e+14 7.5923e+26 
1.3863e+00 3.3520e+14 7.6081e+26 
1.3894e+00 3.3595e+14 7.6030e+26 
1.3925e+00 3.3670e+14 7.6138e+26 
1.3956e+00 3.3746e+14 7.5967e+26 
1.3988e+00 3.3822e+14 7.0045e+26 
1.4019e+00 3.3898e+14 7.4805e+26 
1.4051e+00 3.3975e+14 7.6450e+26 
1.4083e+00 3.4052e+14 7.6744e+26 
1.4115e+00 3.4130e+14 7.6901e+26 
1.4147e+00 3.4208e+14 7.5898e+26 
1.4179e+00 3.4286e+14 7.0485e+26 
1.4212e+00 3.4364e+14 7.6661e+26 
1.4245e+00 3.4443e+14 7.7362e+26 
1.4277e+00 3.4522e+14 7.6791e+26 
1.4310e+00 3.4602e+14 6.9644e+26 
1.4343e+00 3.4682e+14 7.6525e+26 
1.4377e+00 3.4762e+14 7.7621e+26 
1.4410e+00 3.4843e+14 7.3619e+26 
1.4444e+00 3.4924e+14 7.4716e+26 
1.4477e+00 3.5006e+14 7.7657e+26 
1.4511e+00 3.5088e+14 7.0309e+26 
1.4545e+00 3.5170e+14 7.7068e+26 
1.4579e+00 3.5253e+14 7.2248e+26 
1.4614e+00 3.5336e+14 7.6610e+26 
1.4648e+00 3.5419e+14 7.2770e+26 
1.4683e+00 3.5503e+14 7.4591e+26 
1.4718e+00 3.5587e+14 7.4778e+26 
1.4753e+00 3.5672e+14 7.3456e+26 
1.4788e+00 3.5757e+14 7.3196e+26 
1.4823e+00 3.5842e+14 7.2429e+26 
1.4859e+00 3.5928e+14 7.3257e+26 
1.4894e+00 3.6014e+14 7.2717e+26 
1.4930e+00 3.6101e+14 7.3078e+26 
1.4966e+00 3.6188e+14 7.3621e+26 
1.5002e+00 3.6276e+14 7.4067e+26 
1.5039e+00 3.6364e+14 7.4416e+26 
1.5075e+00 3.6452e+14 7.4584e+26 
1.5112e+00 3.6541e+14 7.4710e+26 
1.5149e+00 3.6630e+14 8.9693e+26 
1.5186e+00 3.6720e+14 8.9970e+26 
1.5223e+00 3.6810e+14 9.0059e+26 
1.5261e+00 3.6900e+14 9.0211e+26 
1.5298e+00 3.6991e+14 9.0298e+26 
1.5336e+00 3.7083e+14 9.0391e+26 
1.5374e+00 3.7175e+14 9.0577e+26 
1.5412e+00 3.7267e+14 9.0678e+26 
1.5451e+00 3.7360e+14 9.0815e+26 
1.5489e+00 3.7453e+14 9.0911e+26 
1.5528e+00 3.7547e+14 9.0879e+26 
1.5567e+00 3.7641e+14 9.1151e+26 
1.5606e+00 3.7736e+14 9.1093e+26 
1.5646e+00 3.7831e+14 9.1270e+26 
1.5685e+00 3.7927e+14 9.1422e+26 
1.5725e+00 3.8023e+14 9.1480e+26 
1.5765e+00 3.8119e+14 9.1691e+26 
1.5805e+00 3.8217e+14 9.1826e+26 
1.5845e+00 3.8314e+14 9.2016e+26 
1.5886e+00 3.8412e+14 9.2209e+26 
1.5927e+00 3.8511e+14 9.2346e+26 
1.5968e+00 3.8610e+14 9.1939e+26 
1.6009e+00 3.8710e+14 9.2555e+26 
1.6050e+00 3.8810e+14 9.2732e+26 
1.6092e+00 3.8911e+14 9.2732e+26 
1.6134e+00 3.9012e+14 9.3017e+26 
1.6176e+00 3.9113e+14 9.3018e+26 
1.6218e+00 3.9216e+14 9.3274e+26 
1.6261e+00 3.9318e+14 9.3467e+26 
1.6304e+00 3.9422e+14 9.3612e+26 
1.6347e+00 3.9526e+14 9.3733e+26 
1.6390e+00 3.9630e+14 9.3891e+26 
1.6433e+00 3.9735e+14 9.4079e+26 
1.6477e+00 3.9841e+14 9.4145e+26 
1.6521e+00 3.9947e+14 9.4206e+26 
1.6565e+00 4.0053e+14 9.4317e+26 
1.6609e+00 4.0161e+14 9.4448e+26 
1.6654e+00 4.0268e+14 9.4602e+26 
1.6699e+00 4.0377e+14 9.4713e+26 
1.6744e+00 4.0486e+14 9.4765e+26 
1.6789e+00 4.0595e+14 9.5065e+26 
1.6834e+00 4.0706e+14 9.5303e+26 
1.6880e+00 4.0816e+14 9.5368e+26 
1.6926e+00 4.0928e+14 9.5487e+26 
1.6973e+00 4.1040e+14 9.5550e+26 
1.7019e+00 4.1152e+14 9.5568e+26 
1.7066e+00 4.1265e+14 9.5983e+26 
1.7113e+00 4.1379e+14 9.6113e+26 
1.7160e+00 4.1494e+14 9.6087e+26 
1.7208e+00 4.1609e+14 9.6344e+26 
1.7256e+00 4.1725e+14 9.6409e+26 
1.7304e+00 4.1841e+14 9.6673e+26 
1.7352e+00 4.1958e+14 9.6826e+26 
1.7401e+00 4.2076e+14 9.6934e+26 
1.7450e+00 4.2194e+14 9.7007e+26 
1.7499e+00 4.2313e+14 9.7369e+26 
1.7549e+00 4.2433e+14 9.7200e+26 
1.7599e+00 4.2553e+14 9.7640e+26 
1.7649e+00 4.2674e+14 9.7786e+26 
1.7699e+00 4.2796e+14 9.7833e+26 
1.7750e+00 4.2918e+14 9.8134e+26 
1.7801e+00 4.3042e+14 9.8284e+26 
1.7852e+00 4.3165e+14 9.8413e+26 
1.7903e+00 4.3290e+14 9.8588e+26 
1.7955e+00 4.3415e+14 9.8770e+26 
1.8007e+00 4.3541e+14 9.8942e+26 
1.8060e+00 4.3668e+14 9.9094e+26 
1.8112e+00 4.3796e+14 9.9189e+26 
1.8165e+00 4.3924e+14 9.9387e+26 
1.8219e+00 4.4053e+14 9.9580e+26 
1.8272e+00 4.4183e+14 9.9712e+26 
1.8326e+00 4.4313e+14 9.9950e+26 
1.8381e+00 4.4444e+14 1.0006e+27 
1.8435e+00 4.4577e+14 1.0028e+27 
1.8490e+00 4.4709e+14 1.0041e+27 
1.8546e+00 4.4843e+14 1.0045e+27 
1.8601e+00 4.4978e+14 1.0053e+27 
1.8657e+00 4.5113e+14 1.0094e+27 
1.8713e+00 4.5249e+14 1.0111e+27 
1.8770e+00 4.5386e+14 1.0112e+27 
1.8827e+00 4.5524e+14 1.0068e+27 
1.8884e+00 4.5662e+14 9.1210e+26 
1.8942e+00 4.5802e+14 9.9227e+26 
1.9000e+00 4.5942e+14 1.0172e+27 
1.9058e+00 4.6083e+14 1.0204e+27 
1.9117e+00 4.6225e+14 1.0210e+27 
1.9176e+00 4.6368e+14 1.0257e+27 
1.9236e+00 4.6512e+14 1.0254e+27 
1.9295e+00 4.6656e+14 1.0286e+27 
1.9356e+00 4.6802e+14 1.0294e+27 
1.9416e+00 4.6948e+14 1.0333e+27 
1.9477e+00 4.7096e+14 1.0335e+27 
1.9539e+00 4.7244e+14 1.0352e+27 
1.9600e+00 4.7393e+14 1.0396e+27 
1.9662e+00 4.7544e+14 1.0398e+27 
1.9725e+00 4.7695e+14 1.0445e+27 
1.9788e+00 4.7847e+14 1.0466e+27 
1.9851e+00 4.8000e+14 1.0425e+27 
1.9915e+00 4.8154e+14 1.0502e+27 
1.9979e+00 4.8309e+14 1.0546e+27 
2.0044e+00 4.8465e+14 1.0569e+27 
2.0109e+00 4.8622e+14 1.0567e+27 
2.0174e+00 4.8780e+14 1.0567e+27 
2.0240e+00 4.8940e+14 1.0611e+27 
2.0306e+00 4.9100e+14 1.0648e+27 
2.0373e+00 4.9261e+14 1.0678e+27 
2.0440e+00 4.9423e+14 1.0710e+27 
2.0507e+00 4.9587e+14 1.0730e+27 
2.0575e+00 4.9751e+14 1.0747e+27 
2.0644e+00 4.9917e+14 1.0765e+27 
2.0713e+00 5.0083e+14 1.0787e+27 
2.0782e+00 5.0251e+14 1.0824e+27 
2.0852e+00 5.0420e+14 1.0836e+27 
2.0922e+00 5.0590e+14 1.0866e+27 
2.0993e+00 5.0761e+14 1.0896e+27 
2.1065e+00 5.0934e+14 1.0897e+27 
2.1136e+00 5.1107e+14 1.0905e+27 
2.1209e+00 5.1282e+14 1.1048e+27 
2.1281e+00 5.1458e+14 1.1103e+27 
2.1355e+00 5.1635e+14 1.1124e+27 
2.1428e+00 5.1813e+14 1.1094e+27 
2.1503e+00 5.1993e+14 1.1071e+27 
2.1577e+00 5.2174e+14 1.1063e+27 
2.1653e+00 5.2356e+14 1.1101e+27 
2.1729e+00 5.2539e+14 1.1101e+27 
2.1805e+00 5.2724e+14 1.1154e+27 
2.1882e+00 5.2910e+14 1.1170e+27 
2.1959e+00 5.3097e+14 1.1220e+27 
2.2037e+00 5.3286e+14 1.1273e+27 
2.2116e+00 5.3476e+14 1.1305e+27 
2.2195e+00 5.3667e+14 1.1332e+27 
2.2275e+00 5.3860e+14 1.1368e+27 
2.2355e+00 5.4054e+14 1.1421e+27 
2.2436e+00 5.4250e+14 1.1441e+27 
2.2517e+00 5.4446e+14 1.1481e+27 
2.2599e+00 5.4645e+14 1.1523e+27 
2.2682e+00 5.4845e+14 1.1555e+27 
2.2765e+00 5.5046e+14 1.1604e+27 
2.2849e+00 5.5249e+14 1.1608e+27 
2.2933e+00 5.5453e+14 1.1631e+27 
2.3019e+00 5.5659e+14 1.1706e+27 
2.3104e+00 5.5866e+14 1.1755e+27 
2.3191e+00 5.6075e+14 1.1804e+27 
2.3278e+00 5.6285e+14 1.1793e+27 
2.3365e+00 5.6497e+14 1.1847e+27 
2.3454e+00 5.6711e+14 1.1917e+27 
2.3543e+00 5.6926e+14 1.1864e+27 
2.3632e+00 5.7143e+14 1.1992e+27 
2.3723e+00 5.7361e+14 1.1991e+27 
2.3814e+00 5.7582e+14 1.2037e+27 
2.3906e+00 5.7803e+14 1.2063e+27 
2.3998e+00 5.8027e+14 1.2092e+27 
2.4091e+00 5.8252e+14 1.2165e+27 
2.4185e+00 5.8480e+14 1.2226e+27 
2.4280e+00 5.8708e+14 1.2300e+27 
2.4375e+00 5.8939e+14 1.2347e+27 
2.4471e+00 5.9172e+14 1.2409e+27 
2.4568e+00 5.9406e+14 1.2380e+27 
2.4666e+00 5.9642e+14 1.2491e+27 
2.4764e+00 5.9880e+14 1.2411e+27 
2.4864e+00 6.0120e+14 1.2574e+27 
2.4964e+00 6.0362e+14 1.2681e+27 
2.5065e+00 6.0606e+14 1.2698e+27 
2.5166e+00 6.0852e+14 1.2629e+27 
2.5269e+00 6.1100e+14 1.2776e+27 
2.5372e+00 6.1350e+14 1.2767e+27 
2.5476e+00 6.1602e+14 1.1482e+27 
2.5581e+00 6.1856e+14 1.2408e+27 
2.5687e+00 6.2112e+14 1.2938e+27 
2.5794e+00 6.2370e+14 1.3020e+27 
2.5902e+00 6.2630e+14 1.3086e+27 
2.6010e+00 6.2893e+14 1.3138e+27 
2.6120e+00 6.3158e+14 1.3175e+27 
2.6230e+00 6.3425e+14 1.3212e+27 
2.6342e+00 6.3694e+14 1.3144e+27 
2.6454e+00 6.3966e+14 1.3304e+27 
2.6567e+00 6.4240e+14 1.3360e+27 
2.6682e+00 6.4516e+14 1.3362e+27 
2.6797e+00 6.4795e+14 1.3383e+27 
2.6913e+00 6.5076e+14 1.3489e+27 
2.7031e+00 6.5359e+14 1.3445e+27 
2.7149e+00 6.5646e+14 1.3563e+27 
2.7268e+00 6.5934e+14 1.3484e+27 
2.7389e+00 6.6225e+14 1.3592e+27 
2.7510e+00 6.6519e+14 1.3704e+27 
2.7633e+00 6.6815e+14 1.3669e+27 
2.7756e+00 6.7114e+14 1.3620e+27 
2.7881e+00 6.7416e+14 1.3794e+27 
2.8007e+00 6.7720e+14 1.3824e+27 
2.8134e+00 6.8027e+14 1.3842e+27 
2.8262e+00 6.8337e+14 1.3839e+27 
2.8391e+00 6.8650e+14 1.3963e+27 
2.8522e+00 6.8966e+14 1.2700e+27 
2.8654e+00 6.9284e+14 1.3474e+27 
2.8787e+00 6.9606e+14 1.3968e+27 
2.8921e+00 6.9930e+14 1.4150e+27 
2.9056e+00 7.0258e+14 1.4176e+27 
2.9193e+00 7.0588e+14 1.4275e+27 
2.9331e+00 7.0922e+14 1.4324e+27 
2.9470e+00 7.1259e+14 1.4393e+27 
2.9611e+00 7.1599e+14 1.4444e+27 
2.9753e+00 7.1942e+14 1.4466e+27 
2.9896e+00 7.2289e+14 1.4526e+27 
3.0041e+00 7.2639e+14 1.4456e+27 
3.0187e+00 7.2993e+14 1.3146e+27 
3.0335e+00 7.3350e+14 1.4274e+27 
3.0484e+00 7.3710e+14 1.4661e+27 
3.0635e+00 7.4074e+14 1.4797e+27 
3.0787e+00 7.4442e+14 1.4713e+27 
3.0940e+00 7.4813e+14 1.4897e+27 
3.1095e+00 7.5188e+14 1.4798e+27 
3.1252e+00 7.5567e+14 1.2837e+27 
3.1410e+00 7.5949e+14 1.4805e+27 
3.1570e+00 7.6336e+14 1.4452e+27 
3.1731e+00 7.6726e+14 1.4988e+27 
3.1895e+00 7.7121e+14 1.3356e+27 
3.2059e+00 7.7519e+14 1.5077e+27 
3.2226e+00 7.7922e+14 1.4889e+27 
3.2394e+00 7.8329e+14 1.3572e+27 
3.2564e+00 7.8740e+14 1.4668e+27 
3.2736e+00 7.9156e+14 1.4096e+27 
3.2910e+00 7.9576e+14 1.3560e+27 
3.3085e+00 8.0000e+14 1.3514e+27 
3.3263e+00 8.0429e+14 1.2587e+27 
3.3442e+00 8.0863e+14 1.2481e+27 
3.3623e+00 8.1301e+14 1.1603e+27 
3.3807e+00 8.1744e+14 1.1357e+27 
3.3992e+00 8.2192e+14 1.1460e+27 
3.4085e+00 8.2418e+14 1.5922e+27 
3.4179e+00 8.2645e+14 1.5890e+27 
3.4368e+00 8.3102e+14 1.5840e+27 
3.4560e+00 8.3565e+14 1.5783e+27 
3.4754e+00 8.4034e+14 1.5764e+27 
3.4949e+00 8.4507e+14 1.5726e+27 
3.5147e+00 8.4986e+14 1.5671e+27 
3.5348e+00 8.5470e+14 1.5627e+27 
3.5550e+00 8.5960e+14 1.5558e+27 
3.5755e+00 8.6455e+14 1.5525e+27 
3.5962e+00 8.6957e+14 1.5486e+27 
3.6172e+00 8.7464e+14 1.5447e+27 
3.6384e+00 8.7977e+14 1.5837e+27 
3.6599e+00 8.8496e+14 1.5758e+27 
3.6816e+00 8.9021e+14 1.5719e+27 
3.7036e+00 8.9552e+14 1.5679e+27 
3.7258e+00 9.0090e+14 1.5674e+27 
3.7483e+00 9.0634e+14 1.5666e+27 
3.7711e+00 9.1185e+14 1.5625e+27 
3.7942e+00 9.1743e+14 1.5599e+27 
3.8175e+00 9.2308e+14 1.5575e+27 
3.8412e+00 9.2879e+14 1.5544e+27 
3.8651e+00 9.3458e+14 1.5535e+27 
3.8893e+00 9.4044e+14 1.5468e+27 
3.9139e+00 9.4637e+14 1.5535e+27 
3.9387e+00 9.5238e+14 1.5534e+27 
3.9639e+00 9.5847e+14 1.5505e+27 
3.9894e+00 9.6463e+14 1.5511e+27 
4.0152e+00 9.7087e+14 1.5520e+27 
4.0414e+00 9.7720e+14 1.5511e+27 
4.0679e+00 9.8361e+14 1.5515e+27 
4.0947e+00 9.9010e+14 1.5525e+27 
4.1219e+00 9.9668e+14 1.5523e+27 
4.1495e+00 1.0033e+15 1.5501e+27 
4.1774e+00 1.0101e+15 1.5510e+27 
4.2058e+00 1.0169e+15 1.5479e+27 
4.2345e+00 1.0239e+15 1.5537e+27 
4.2636e+00 1.0309e+15 1.5585e+27 
4.2857e+00 1.0363e+15 1.5504e+27 
4.3005e+00 1.0399e+15 1.5535e+27 
4.3155e+00 1.0435e+15 1.5511e+27 
4.3305e+00 1.0471e+15 1.5554e+27 
4.3457e+00 1.0508e+15 1.5490e+27 
4.3610e+00 1.0545e+15 1.5518e+27 
4.3764e+00 1.0582e+15 1.5532e+27 
4.3919e+00 1.0619e+15 1.5644e+27 
4.4075e+00 1.0657e+15 1.5692e+27 
4.4232e+00 1.0695e+15 1.5528e+27 
4.4390e+00 1.0733e+15 1.5408e+27 
4.4549e+00 1.0772e+15 1.5714e+27 
4.4710e+00 1.0811e+15 1.5761e+27 
4.4872e+00 1.0850e+15 1.5676e+27 
4.5034e+00 1.0889e+15 1.5667e+27 
4.5199e+00 1.0929e+15 1.5671e+27 
4.5364e+00 1.0969e+15 1.5858e+27 
4.5530e+00 1.1009e+15 1.5829e+27 
4.5698e+00 1.1050e+15 1.5870e+27 
4.5867e+00 1.1091e+15 1.5958e+27 
4.6037e+00 1.1132e+15 1.5935e+27 
4.6209e+00 1.1173e+15 1.6052e+27 
4.6381e+00 1.1215e+15 1.6055e+27 
4.6555e+00 1.1257e+15 1.6028e+27 
4.6731e+00 1.1299e+15 1.6174e+27 
4.6907e+00 1.1342e+15 1.6210e+27 
4.7085e+00 1.1385e+15 1.6091e+27 
4.7265e+00 1.1429e+15 1.6098e+27 
4.7446e+00 1.1472e+15 1.6075e+27 
4.7628e+00 1.1516e+15 1.6116e+27 
4.7811e+00 1.1561e+15 1.6200e+27 
4.7996e+00 1.1605e+15 1.6247e+27 
4.8183e+00 1.1650e+15 1.6287e+27 
4.8370e+00 1.1696e+15 1.6222e+27 
4.8560e+00 1.1742e+15 1.6273e+27 
4.8750e+00 1.1788e+15 1.6206e+27 
4.8943e+00 1.1834e+15 1.6289e+27 
4.9137e+00 1.1881e+15 1.6313e+27 
4.9273e+00 1.1914e+15 1.6383e+27 
4.9371e+00 1.1938e+15 1.6192e+27 
4.9529e+00 1.1976e+15 1.6506e+27 
4.9727e+00 1.2024e+15 1.5968e+27 
4.9928e+00 1.2072e+15 1.6543e+27 
5.0129e+00 1.2121e+15 1.6507e+27 
5.0333e+00 1.2170e+15 1.6593e+27 
5.0538e+00 1.2220e+15 1.6648e+27 
5.0744e+00 1.2270e+15 1.6709e+27 
5.0953e+00 1.2320e+15 1.6640e+27 
5.1163e+00 1.2371e+15 1.6777e+27 
5.1375e+00 1.2422e+15 1.6720e+27 
5.1588e+00 1.2474e+15 1.6724e+27 
5.1804e+00 1.2526e+15 1.6819e+27 
5.2021e+00 1.2579e+15 1.6688e+27 
5.2240e+00 1.2632e+15 1.6916e+27 
5.2461e+00 1.2685e+15 1.6916e+27 
5.2684e+00 1.2739e+15 1.7081e+27 
5.2908e+00 1.2793e+15 1.6993e+27 
5.3135e+00 1.2848e+15 1.7075e+27 
5.3363e+00 1.2903e+15 1.6543e+27 
5.3594e+00 1.2959e+15 1.7278e+27 
5.3826e+00 1.3015e+15 1.7363e+27 
5.4061e+00 1.3072e+15 1.7295e+27 
5.4298e+00 1.3129e+15 1.7580e+27 
5.4536e+00 1.3187e+15 1.7581e+27 
5.4777e+00 1.3245e+15 1.7565e+27 
5.5020e+00 1.3304e+15 1.7511e+27 
5.5265e+00 1.3363e+15 1.7663e+27 
5.5512e+00 1.3423e+15 1.7767e+27 
5.5762e+00 1.3483e+15 1.7686e+27 
5.6014e+00 1.3544e+15 1.7783e+27 
5.6268e+00 1.3605e+15 1.7954e+27 
5.6524e+00 1.3667e+15 1.8071e+27 
5.6783e+00 1.3730e+15 1.7966e+27 
5.7044e+00 1.3793e+15 1.8096e+27 
5.7307e+00 1.3857e+15 1.8131e+27 
5.7573e+00 1.3921e+15 1.8306e+27 
5.7841e+00 1.3986e+15 1.8192e+27 
5.8112e+00 1.4052e+15 1.8291e+27 
5.8386e+00 1.4118e+15 1.8485e+27 
5.8662e+00 1.4184e+15 1.8485e+27 
5.8941e+00 1.4252e+15 1.8471e+27 
5.9222e+00 1.4320e+15 1.8378e+27 
5.9506e+00 1.4388e+15 1.8644e+27 
5.9706e+00 1.4437e+15 1.8560e+27 
5.9822e+00 1.4465e+15 1.8875e+27 
6.0082e+00 1.4528e+15 1.8319e+27 
6.0375e+00 1.4599e+15 1.7983e+27 
6.0670e+00 1.4670e+15 1.8581e+27 
6.0968e+00 1.4742e+15 1.8564e+27 
6.1269e+00 1.4815e+15 1.8882e+27 
6.1573e+00 1.4888e+15 1.8772e+27 
6.1880e+00 1.4963e+15 1.8833e+27 
6.2190e+00 1.5038e+15 1.8705e+27 
6.2535e+00 1.5121e+15 1.8889e+27 
6.2788e+00 1.5182e+15 1.9202e+27 
6.3076e+00 1.5252e+15 1.9047e+27 
6.3463e+00 1.5345e+15 1.8713e+27 
6.3789e+00 1.5424e+15 1.9197e+27 
6.4119e+00 1.5504e+15 1.9081e+27 
6.4452e+00 1.5584e+15 1.8817e+27 
6.4789e+00 1.5666e+15 1.9057e+27 
6.5129e+00 1.5748e+15 1.9296e+27 
6.5472e+00 1.5831e+15 1.8985e+27 
6.5820e+00 1.5915e+15 1.9245e+27 
6.6171e+00 1.6000e+15 1.9702e+27 
6.6525e+00 1.6086e+15 1.9555e+27 
6.6884e+00 1.6173e+15 1.9478e+27 
6.7247e+00 1.6260e+15 1.9527e+27 
6.7613e+00 1.6349e+15 1.9976e+27 
6.7984e+00 1.6438e+15 2.0059e+27 
6.8358e+00 1.6529e+15 2.0032e+27 
6.8737e+00 1.6620e+15 2.0365e+27 
6.9120e+00 1.6713e+15 2.0374e+27 
6.9507e+00 1.6807e+15 2.0339e+27 
6.9899e+00 1.6901e+15 2.0307e+27 
7.0295e+00 1.6997e+15 2.0374e+27 
7.0695e+00 1.7094e+15 2.0630e+27 
7.1100e+00 1.7192e+15 2.0531e+27 
7.1510e+00 1.7291e+15 2.0708e+27 
7.1925e+00 1.7391e+15 2.0430e+27 
7.2344e+00 1.7493e+15 2.0529e+27 
7.2768e+00 1.7595e+15 2.0844e+27 
7.3198e+00 1.7699e+15 2.1044e+27 
7.3632e+00 1.7804e+15 2.1298e+27 
7.3983e+00 1.7889e+15 2.1381e+27 
7.4205e+00 1.7943e+15 2.0734e+27 
7.4517e+00 1.8018e+15 2.1237e+27 
7.4967e+00 1.8127e+15 2.1145e+27 
7.5422e+00 1.8237e+15 2.1157e+27 
7.5884e+00 1.8349e+15 2.1231e+27 
7.6351e+00 1.8462e+15 2.1069e+27 
7.6824e+00 1.8576e+15 2.1118e+27 
7.7302e+00 1.8692e+15 2.1250e+27 
7.7787e+00 1.8809e+15 2.1550e+27 
7.8278e+00 1.8927e+15 2.0027e+27 
7.8775e+00 1.9048e+15 2.1382e+27 
7.9278e+00 1.9169e+15 1.9350e+27 
7.9788e+00 1.9293e+15 2.1471e+27 
8.0304e+00 1.9417e+15 1.7656e+27 
8.0827e+00 1.9544e+15 2.1099e+27 
8.1357e+00 1.9672e+15 2.1705e+27 
8.1786e+00 1.9776e+15 2.2055e+27 
8.2057e+00 1.9841e+15 2.1796e+27 
8.2439e+00 1.9934e+15 2.2267e+27 
8.2990e+00 2.0067e+15 2.2627e+27 
8.3549e+00 2.0202e+15 2.2576e+27 
8.4115e+00 2.0339e+15 2.2601e+27 
8.4689e+00 2.0478e+15 2.2559e+27 
8.5271e+00 2.0619e+15 2.2825e+27 
8.5743e+00 2.0733e+15 2.2930e+27 
8.6040e+00 2.0804e+15 2.2995e+27 
8.6460e+00 2.0906e+15 2.2646e+27 
8.7067e+00 2.1053e+15 2.2046e+27 
8.7682e+00 2.1201e+15 2.2937e+27 
8.8306e+00 2.1352e+15 2.2266e+27 
8.8939e+00 2.1505e+15 2.1618e+27 
8.9581e+00 2.1661e+15 2.2891e+27 
9.0233e+00 2.1818e+15 2.3247e+27 
9.0894e+00 2.1978e+15 2.3320e+27 
9.1565e+00 2.2140e+15 2.3728e+27 
9.2245e+00 2.2305e+15 2.2516e+27 
9.2936e+00 2.2472e+15 2.3388e+27 
9.3638e+00 2.2642e+15 2.3328e+27 
9.4350e+00 2.2814e+15 2.3620e+27 
9.5073e+00 2.2989e+15 2.3412e+27 
9.5807e+00 2.3166e+15 2.2951e+27 
9.6553e+00 2.3346e+15 2.3603e+27 
9.7310e+00 2.3529e+15 2.3976e+27 
9.8079e+00 2.3715e+15 2.3548e+27 
9.8861e+00 2.3904e+15 2.2929e+27 
9.9655e+00 2.4096e+15 2.4418e+27 
1.0046e+01 2.4291e+15 1.9650e+27 
1.0128e+01 2.4490e+15 2.1935e+27 
1.0212e+01 2.4691e+15 1.9362e+27 
1.0296e+01 2.4896e+15 2.1438e+27 
1.0382e+01 2.5105e+15 2.2035e+27 
1.0470e+01 2.5316e+15 2.3413e+27 
1.0559e+01 2.5532e+15 1.9723e+27 
1.0650e+01 2.5751e+15 2.2022e+27 
1.0742e+01 2.5974e+15 2.2089e+27 
1.0836e+01 2.6201e+15 2.3768e+27 
1.0931e+01 2.6432e+15 2.4150e+27 
1.1028e+01 2.6667e+15 2.0790e+27 
1.1127e+01 2.6906e+15 2.3011e+27 
1.1228e+01 2.7149e+15 2.4001e+27 
1.1331e+01 2.7397e+15 2.4353e+27 
1.1435e+01 2.7650e+15 2.2599e+27 
1.1541e+01 2.7907e+15 2.3032e+27 
1.1650e+01 2.8169e+15 2.3452e+27 
1.1760e+01 2.8436e+15 2.4459e+27 
1.1873e+01 2.8708e+15 2.4518e+27 
1.1987e+01 2.8986e+15 2.2249e+27 
1.2104e+01 2.9268e+15 1.9619e+27 
1.2224e+01 2.9557e+15 2.3103e+27 
1.2345e+01 2.9851e+15 2.1108e+27 
1.2469e+01 3.0151e+15 2.1485e+27 
1.2596e+01 3.0457e+15 1.8758e+27 
1.2725e+01 3.0769e+15 1.6228e+27 
1.2857e+01 3.1088e+15 2.2897e+27 
1.2992e+01 3.1414e+15 2.1995e+27 
1.3129e+01 3.1746e+15 2.2101e+27 
1.3270e+01 3.2086e+15 2.2316e+27 
1.3413e+01 3.2432e+15 1.4472e+27 
1.3560e+01 3.2787e+15 1.4998e+27 
1.3709e+01 3.3149e+15 7.1752e+26 
1.3863e+01 3.3520e+15 7.2242e+26 
1.4019e+01 3.3898e+15 7.0582e+26 
1.4179e+01 3.4286e+15 6.9013e+26 
1.4343e+01 3.4682e+15 6.1914e+26 
1.4511e+01 3.5088e+15 6.3736e+26 
1.4683e+01 3.5503e+15 6.8651e+26 
1.4859e+01 3.5928e+15 4.7822e+26 
1.5039e+01 3.6364e+15 6.6557e+26 
1.5223e+01 3.6810e+15 6.4816e+26 
1.5412e+01 3.7267e+15 6.4825e+26 
1.5606e+01 3.7736e+15 6.6474e+26 
1.5805e+01 3.8217e+15 1.7192e+26 
1.6009e+01 3.8710e+15 5.9447e+26 
1.6218e+01 3.9216e+15 6.8675e+26 
1.6433e+01 3.9735e+15 4.0138e+26 
1.6654e+01 4.0268e+15 5.7130e+26 
1.6880e+01 4.0816e+15 5.8199e+26 
1.7090e+01 4.1322e+15 5.9575e+26 
1.7328e+01 4.1899e+15 5.8970e+26 
1.7599e+01 4.2553e+15 5.6124e+26 
1.7852e+01 4.3165e+15 5.2537e+26 
1.8112e+01 4.3796e+15 5.1685e+26 
1.8381e+01 4.4444e+15 5.3102e+26 
1.8657e+01 4.5113e+15 4.4945e+26 
1.8856e+01 4.5593e+15 4.7481e+26 
1.9088e+01 4.6154e+15 4.9958e+26 
1.9386e+01 4.6875e+15 3.9990e+26 
1.9694e+01 4.7619e+15 5.7715e+26 
2.0011e+01 4.8387e+15 4.9136e+26 
2.0339e+01 4.9180e+15 6.6025e+26 
2.0678e+01 5.0000e+15 3.0884e+26 
2.1029e+01 5.0847e+15 4.8534e+26 
2.1391e+01 5.1724e+15 3.8055e+26 
2.1767e+01 5.2632e+15 4.0251e+26 
2.2155e+01 5.3571e+15 4.0580e+26 
2.2558e+01 5.4545e+15 1.0487e+26 
2.2976e+01 5.5556e+15 1.2827e+26 
2.3409e+01 5.6604e+15 3.3296e+26 
2.3860e+01 5.7692e+15 3.8036e+26 
2.4232e+01 5.8594e+15 2.9314e+26 
2.4520e+01 5.9289e+15 2.8052e+26 
2.4814e+01 6.0000e+15 2.9641e+26 
2.5320e+01 6.1224e+15 2.1415e+26 
2.5848e+01 6.2500e+15 1.8824e+26 
2.6398e+01 6.3830e+15 2.8258e+26 
2.6972e+01 6.5217e+15 1.4303e+26 
2.7510e+01 6.6519e+15 1.9728e+26 
2.8134e+01 6.8027e+15 1.3394e+26 
2.8853e+01 6.9767e+15 1.7286e+26 
2.9400e+01 7.1090e+15 1.4886e+26 
2.9969e+01 7.2464e+15 1.6846e+26 
3.0635e+01 7.4074e+15 1.3921e+26 
3.1410e+01 7.5949e+15 8.4618e+25 
3.2226e+01 7.7922e+15 1.4869e+26 
3.3085e+01 8.0000e+15 8.7741e+25 
3.3899e+01 8.1967e+15 1.0740e+26 
3.4754e+01 8.4034e+15 3.5061e+25 
3.5652e+01 8.6207e+15 8.1769e+25 
3.6707e+01 8.8757e+15 6.5052e+25 
3.7826e+01 9.1463e+15 1.0638e+26 
3.9016e+01 9.4340e+15 8.3000e+25 
4.0282e+01 9.7403e+15 5.8680e+25 
4.1219e+01 9.9668e+15 6.7189e+25 
4.1916e+01 1.0135e+16 2.7785e+25 
4.2783e+01 1.0345e+16 2.4796e+25 
4.3687e+01 1.0563e+16 2.8873e+25 
4.4470e+01 1.0753e+16 2.4814e+25 
4.5281e+01 1.0949e+16 7.2672e+25 
4.6123e+01 1.1152e+16 1.9329e+25 
4.6996e+01 1.1364e+16 3.1216e+25 
4.7719e+01 1.1538e+16 1.2069e+25 
4.8276e+01 1.1673e+16 5.4291e+25 
4.9234e+01 1.1905e+16 3.1186e+25 
5.0435e+01 1.2195e+16 2.3818e+25 
5.1696e+01 1.2500e+16 1.8744e+24 
5.3021e+01 1.2821e+16 1.1639e+24 
5.3943e+01 1.3043e+16 3.4796e+24 
5.4656e+01 1.3216e+16 4.1594e+23 
5.5637e+01 1.3453e+16 3.8642e+23 
5.6395e+01 1.3636e+16 2.5278e+23 
5.7440e+01 1.3889e+16 2.8013e+23 
5.9081e+01 1.4286e+16 2.1986e+23 
6.0522e+01 1.4634e+16 1.3386e+23 
6.1421e+01 1.4851e+16 1.3024e+23 
6.2662e+01 1.5152e+16 1.4192e+23 
6.3954e+01 1.5464e+16 3.7932e+22 
6.4958e+01 1.5707e+16 7.2712e+22 
6.6704e+01 1.6129e+16 1.1140e+23 
6.8170e+01 1.6484e+16 5.1702e+22 
6.8928e+01 1.6667e+16 5.6348e+22 
7.0096e+01 1.6949e+16 7.4150e+22 
7.1717e+01 1.7341e+16 6.2046e+22 
7.2982e+01 1.7647e+16 1.6301e+22 
7.4741e+01 1.8072e+16 2.0097e+22 
7.6586e+01 1.8519e+16 2.8648e+22 
7.8031e+01 1.8868e+16 4.9383e+22 
8.0045e+01 1.9355e+16 4.3421e+22 
8.2166e+01 1.9868e+16 4.0284e+22 
8.4401e+01 2.0408e+16 2.8804e+22 
8.6762e+01 2.0979e+16 3.3329e+22 
8.8621e+01 2.1429e+16 2.7985e+22 
9.0562e+01 2.1898e+16 1.2960e+22 
9.2590e+01 2.2388e+16 7.9898e+21 
9.3992e+01 2.2727e+16 7.8941e+21 
9.4710e+01 2.2901e+16 7.2031e+21 
9.6930e+01 2.3438e+16 1.2902e+22 
9.7693e+01 2.3622e+16 2.0432e+22 
9.9256e+01 2.4000e+16 1.8896e+22 
1.0254e+02 2.4793e+16 1.7367e+22 
1.0514e+02 2.5424e+16 1.0470e+22 
1.0883e+02 2.6316e+16 6.5603e+21 
1.1279e+02 2.7273e+16 2.2616e+21 
1.1488e+02 2.7778e+16 6.3451e+21 
1.1705e+02 2.8302e+16 2.0790e+21 
1.1930e+02 2.8846e+16 1.5014e+21 
1.2164e+02 2.9412e+16 1.4901e+21 
1.2407e+02 3.0000e+16 1.0721e+21 
1.2660e+02 3.0612e+16 7.2896e+20 
1.2924e+02 3.1250e+16 6.9029e+20 
1.3199e+02 3.1915e+16 5.9290e+20 
1.3634e+02 3.2967e+16 5.3568e+20 
